1327418725|danny|37.7769524591|-122.398477415|unclejoey|37.7773358072|-122.398120249
1327511595|danny|37.7782700591|-122.397839353|unclejoey|37.7774010993|-122.398100099
1327602309|danny|37.7774423694|-122.398259616|unclejoey|37.7771300414|-122.398853538
1327693753|danny|37.7774297374|-122.397972105|unclejoey|37.7774099393|-122.398368567
1327872265|danny|37.7704953799|-122.400046678|dj|37.7701035295|-122.399530468
1327946279|danny|37.7774642478|-122.398157324|unclejoey|37.7785768008|-122.397267091
1327982131|danny|37.7749323929|-122.393876766|dj|37.7750100771|-122.39382646
1328034677|danny|37.7773005065|-122.3981785|unclejoey|37.7775183638|-122.398269309
1328071036|danny|37.7740832506|-122.42177954|dj|37.7732769568|-122.421682638
1328127088|danny|37.7772515239|-122.398115233|unclejoey|37.7772947648|-122.398329995
1328158359|danny|37.7748562505|-122.393893098|dj|37.7749178675|-122.393887651
1328217658|danny|37.7775451355|-122.398027857|unclejoey|37.77726157|-122.398167625
1328254809|danny|37.7751698962|-122.393632979|dj|37.7748980118|-122.39391832
1328311857|danny|37.7776509772|-122.398222459|unclejoey|37.7772842694|-122.398264694
1328345207|danny|37.7749782261|-122.393890109|dj|37.7750283744|-122.39379706
1328436117|danny|37.7750406036|-122.393794667|dj|37.7748912214|-122.393931884
1328522986|danny|37.7750875762|-122.393899175|dj|37.7750858611|-122.393826287
1328550913|danny|37.7785027234|-122.396653371|unclejoey|37.7787689017|-122.396760734
1328610427|danny|37.7750198826|-122.393850975|dj|37.77509711|-122.393915609
1328638999|danny|37.7773419004|-122.398153312|unclejoey|37.7772358742|-122.398399388
1328697606|danny|37.775051063|-122.393769696|dj|37.7754888564|-122.393823365
1328725776|danny|37.7773222892|-122.39817096|unclejoey|37.7772454816|-122.39823481
1328784264|danny|37.7749324659|-122.393641404|dj|37.7751576429|-122.393912831
1328812707|danny|37.7773407313|-122.398246432|unclejoey|37.7772650296|-122.398225054
1328895549|danny|37.7751180613|-122.393887129|dj|37.7752258978|-122.394196166
1328918836|danny|37.777332792|-122.398132459|unclejoey|37.7770509509|-122.398118287
1328987666|danny|37.7758283605|-122.393389349|dj|37.7757912304|-122.393561534
1329075787|danny|37.7750256639|-122.393845352|dj|37.7754328254|-122.394008287
1329160343|danny|37.7772754941|-122.398182028|unclejoey|37.7773588955|-122.398209286
1329191619|danny|37.7749526183|-122.394004732|dj|37.7749001387|-122.393920031
1329250835|danny|37.7773904694|-122.398208998|unclejoey|37.7773734833|-122.398167322
1329278239|danny|37.7750340156|-122.393813805|dj|37.7756848757|-122.393795843
1329345928|danny|37.7774355174|-122.398159855|unclejoey|37.7775339274|-122.398229305
1329365010|danny|37.7749385758|-122.393881162|dj|37.7749252394|-122.393888927
1329432422|danny|37.7787698751|-122.396732216|unclejoey|37.778755326|-122.396935329
1329537774|danny|37.7707207036|-122.412495384|dj|37.7710793823|-122.413045953
1329633937|danny|37.8712486597|-122.26929328|dj|37.8712730408|-122.270101843
1329773532|danny|37.7699688314|-122.401582111|dj|37.769967199|-122.401686192
1329851519|danny|37.7774193167|-122.398362083|unclejoey|37.7771634323|-122.398248275
1329895909|danny|37.7748744034|-122.393920973|dj|37.7750092451|-122.393793911
1329955091|danny|37.7774159415|-122.39809288|unclejoey|37.7773423309|-122.398202597
1330045627|danny|37.7783895696|-122.396322376|unclejoey|37.7787870392|-122.396918664
1330065154|danny|37.7749682383|-122.393887085|dj|37.7749227728|-122.393868998
1330132658|danny|37.7773665635|-122.398101511|unclejoey|37.7772522878|-122.397852239
1330207582|danny|39.1437557294|-120.157860481|dj|39.1442077085|-120.15637914
1330295891|danny|38.6608796137|-121.34706323|dj|38.6601932835|-121.347382186
1330366225|danny|37.777888918|-122.396849108|unclejoey|37.7772369799|-122.398343246
1330455603|danny|37.7773520302|-122.398206696|unclejoey|37.7773371525|-122.398123116
1330491937|danny|37.7749938186|-122.393828818|dj|37.7748893523|-122.394258831
1330542103|danny|37.7773385288|-122.398193548|unclejoey|37.7773661174|-122.398169695
1330629059|danny|37.7773413258|-122.398205399|unclejoey|37.7771165921|-122.398148447
1330718916|danny|37.777233497|-122.398421976|unclejoey|37.777346122|-122.398208194
1330971119|danny|37.7773505589|-122.398196923|unclejoey|37.777283296|-122.398308552
1331090793|danny|37.7749725889|-122.393835565|dj|37.775002049|-122.39391147
1331151397|danny|37.7773928058|-122.39808832|unclejoey|37.7772479596|-122.398304594
1331185988|danny|37.774906021|-122.393853846|dj|37.7749970738|-122.393880347
1331239200|danny|37.3565409344|-121.929977792|unclejoey|37.3564438464|-121.92935174
1331256753|danny|30.2695081477|-97.7404515943|unclejesse|30.2696295518|-97.7409620359
1331257331|unclejesse|30.2695973486|-97.7408645497|unclejoey|30.2693889958|-97.7405028683
1331337279|danny|30.2695837283|-97.7408295433|unclejoey|30.2687948823|-97.7406534413
1331348122|danny|30.2695869393|-97.7408095137|unclejesse|30.2696554885|-97.7408007977
1331402060|unclejesse|30.2659663093|-97.7386010719|unclejoey|30.2650586392|-97.738653107
1331434630|danny|30.2696373338|-97.7409882893|unclejesse|30.2695682146|-97.7408227705
1331439952|danny|30.2642208961|-97.7415969661|unclejoey|30.2654066938|-97.7422916964
1331509140|unclejesse|30.26502016|-97.7388654371|unclejoey|30.2654259749|-97.7400998755
1331527475|danny|30.2669582259|-97.7390507723|unclejesse|30.267063125|-97.7390007233
1331528551|danny|30.2669582259|-97.7390507723|unclejoey|30.2673708273|-97.7401615187
1331596744|unclejesse|30.2650801426|-97.7385934615|unclejoey|30.2664183577|-97.7385926516
1331624152|danny|30.2696013509|-97.740820798|unclejesse|30.2695797173|-97.7408360252
1331639044|danny|30.269576455|-97.7408796217|unclejoey|30.2700188461|-97.7412407811
1331688645|unclejesse|30.269576455|-97.7408796217|unclejoey|30.26957977|-97.7408360575
1331713895|danny|30.266683105|-97.7368860074|unclejesse|30.2673017141|-97.7370712907
1331733850|danny|30.2696306212|-97.7409312987|unclejoey|30.2696757522|-97.7409345956
1331790079|danny|37.7749780229|-122.393734522|dj|37.7751000601|-122.393871938
1331878740|danny|37.7748997275|-122.393847859|dj|37.7750519684|-122.393173801
1331974654|danny|37.7749560237|-122.393855225|dj|37.7759000722|-122.393524865
1332025590|unclejesse|37.8006426816|-122.438467072|unclejoey|37.8007946556|-122.438625937
1332092357|danny|37.7751679768|-122.39374239|dj|37.7757719966|-122.393413446
1332177258|danny|37.7772889212|-122.398170819|unclejoey|37.7772945807|-122.398275423
1332213350|danny|37.7974678623|-122.396699069|dj|37.7973278591|-122.397034745
1332280772|danny|37.7772798871|-122.39819058|unclejoey|37.7772934343|-122.39810806
1332307573|danny|37.7763403114|-122.393685607|dj|37.7764862124|-122.393951238
1332471369|danny|37.7749523615|-122.393796346|dj|37.7749145755|-122.393887592
1332524720|danny|37.7772961121|-122.398163719|unclejoey|37.7773116306|-122.39819123
1332565082|danny|37.7754884658|-122.406319303|dj|37.7755945347|-122.40623432
1332569779|unclejesse|37.8002441915|-122.440318226|unclejoey|37.8005075269|-122.438688584
1332654660|danny|37.7749178491|-122.393884936|dj|37.7749245485|-122.393872798
1332788741|danny|37.7773075979|-122.398208525|unclejoey|37.7773070679|-122.398203589
1332862854|danny|37.7750878525|-122.393892203|dj|37.7751545971|-122.39378705
1332880109|danny|37.7772675703|-122.398218279|unclejoey|37.7772797008|-122.398214395
1332899852|unclejesse|37.798686914|-122.440251037|unclejoey|37.7984232785|-122.440438578
1332949034|dj|37.7765018741|-122.39791371|unclejoey|37.7773114751|-122.398199586
1332971246|danny|37.7774251392|-122.398201777|unclejoey|37.7773217816|-122.398203455
1332989818|danny|37.776380922|-122.394322219|dj|37.7768011538|-122.393470177
1333043016|danny|37.7773186721|-122.398207856|unclejesse|37.7773136483|-122.398208628
1333053332|unclejesse|37.7773137233|-122.398208652|unclejoey|37.7773189654|-122.398207812
1333060436|danny|37.7774857404|-122.398416521|unclejoey|37.7781988026|-122.398009558
1333082069|danny|37.7748514375|-122.393896191|dj|37.7750216566|-122.394084278
1333148925|danny|37.7773165648|-122.398213609|unclejoey|37.7773109444|-122.398218786
1333171856|danny|37.7824131656|-122.389035786|dj|37.7824520084|-122.389052044
1333380960|unclejesse|37.798768745|-122.440192555|unclejoey|37.7984214767|-122.440393751
1333424855|danny|37.7758668543|-122.393459931|dj|37.774955519|-122.393968969
1333518359|danny|37.7724106238|-122.397415219|dj|37.7716348342|-122.398729933
1333563485|danny|37.7772951555|-122.398211213|unclejoey|37.7772865115|-122.398205264
1333612568|danny|37.7751170937|-122.393847035|dj|37.7759031506|-122.393533051
1333641118|unclejesse|37.7986602559|-122.440167482|unclejoey|37.7992857945|-122.441180066
1333650264|danny|37.7772880067|-122.398212701|unclejesse|37.7772993265|-122.398197476
1333652985|danny|37.7772880067|-122.398212701|unclejoey|37.7772970778|-122.398237772
1333741804|danny|37.7773963893|-122.398146289|unclejoey|37.7773024333|-122.398231766
1333765408|danny|37.7765764755|-122.394165686|dj|37.7763993041|-122.394232281
1333909593|danny|37.7394754049|-122.390199305|dj|37.7395757611|-122.390311553
1334101783|danny|37.7776928615|-122.397311808|unclejoey|37.7773384248|-122.3981372
1334113797|danny|37.775439961|-122.393972058|dj|37.7758183504|-122.393453503
1334158560|unclejesse|37.7987015115|-122.440185074|unclejoey|37.7986415802|-122.438512696
1334174026|danny|37.7774360357|-122.398082418|unclejesse|37.7772836542|-122.398220725
1334190909|danny|37.7775342143|-122.398318723|unclejoey|37.7772782469|-122.398218472
1334210447|danny|37.7763078459|-122.394504465|dj|37.7762712815|-122.394144906
1334274077|unclejesse|37.8006647337|-122.438474026|unclejoey|37.800328983|-122.438517474
1334298120|danny|37.7748828671|-122.393860032|dj|37.7752174158|-122.395434426
1334335247|danny|37.7783416939|-122.396495865|unclejoey|37.7782769951|-122.396390923
1334335526|danny|37.7783416939|-122.396495865|unclejesse|37.7787405711|-122.396822456
1334367007|unclejesse|37.7775498201|-122.399116745|unclejoey|37.7772079879|-122.398361847
1334367360|dj|37.773635615|-122.408429534|unclejoey|37.773290095|-122.407005625
1334384584|danny|37.761799284|-122.412647659|dj|37.7622458678|-122.412927081
1334472213|danny|37.8750471058|-122.275869494|dj|37.8750921415|-122.275876608
1334562062|danny|37.7751268748|-122.393904285|dj|37.7749343885|-122.394022007
1334590376|unclejesse|37.7986261994|-122.440271136|unclejoey|37.798436426|-122.440290056
1334592684|danny|37.7772924275|-122.398203692|unclejoey|37.7776811708|-122.398291079
1334604350|danny|37.7773094664|-122.398210995|unclejesse|37.777288374|-122.398207326
1334646843|dj|37.7765492488|-122.419537083|unclejesse|37.7771027684|-122.419615968
1334674815|danny|37.7749708043|-122.393826512|dj|37.7750931131|-122.393803593
1334679173|unclejesse|37.7988337073|-122.440177422|unclejoey|37.7986277081|-122.439114517
1334689092|danny|37.7773339709|-122.398202003|unclejoey|37.7764629609|-122.39884861
1334690959|danny|37.7773128126|-122.398212353|unclejesse|37.7773126393|-122.39821252
1334795444|danny|37.7773091071|-122.39820822|unclejoey|37.77751558|-122.399074165
1334803619|danny|37.7526356897|-122.415160682|dj|37.7524317198|-122.416504797
1334849763|unclejesse|37.7936430817|-122.423049138|unclejoey|37.7937256068|-122.423080074
1334850817|danny|37.7768240771|-122.398016692|unclejesse|37.7775868449|-122.399129309
1334947356|danny|37.7773120474|-122.398206855|unclejoey|37.7770773565|-122.398445692
1334987319|danny|37.7766465443|-122.393717878|dj|37.7762671588|-122.393933244
1335129681|danny|37.7699494133|-122.402293563|dj|37.7698262515|-122.402511875
1335136515|danny|37.7772996324|-122.395138955|unclejoey|37.7771963133|-122.395251598
1335194719|unclejesse|37.7774928848|-122.397662093|unclejoey|37.7774079983|-122.398141427
1335198823|danny|37.7770150127|-122.398158694|unclejesse|37.7773217134|-122.398224116
1335227113|danny|37.77738126|-122.398195742|unclejoey|37.7772584232|-122.397824172
1335238839|danny|37.7749402057|-122.393863104|dj|37.7759416566|-122.393583939
1335240920|dj|37.7759416566|-122.393583939|unclejesse|37.7769382729|-122.394449531
1335314495|danny|37.7773268638|-122.398157924|unclejoey|37.7773458645|-122.39816787
1335331311|danny|37.7842376987|-122.39082763|dj|37.784494612|-122.390691544
